#-- reverse hits sorted by %sim
0 0 0
0 0 0


4757309 4757487 80.4347826086957
4757487 4757309 80.4347826086957


1849784 6208778 81.8181818181818
1850748 6207814 81.8181818181818


6207814 1850748 81.8181818181818
6208778 1849784 81.8181818181818


5542953 6370725 82.3563551944283
5544669 6369009 82.3563551944283


6369009 5544669 82.3563551944283
6370725 5542953 82.3563551944283


897274 1908724 82.4675324675325
897579 1908419 82.4675324675325


5160981 1609244 83.5983263598326
5162167 1608058 83.5983263598326


1608058 5162167 83.6120401337793
1609244 5160981 83.6120401337793


5752635 5055944 84.1071428571429
5753193 5055389 84.1071428571429


5803100 5750412 84.4318181818182
5803976 5749536 84.4318181818182


4179183 631037 84.841075794621
4179585 630632 84.841075794621


630632 4179585 84.841075794621
631037 4179183 84.841075794621


5754438 6011081 85.7267441860465
5757864 6007649 85.7267441860465


6007649 5757864 85.7267441860465
6011081 5754438 85.7267441860465


5925098 5065646 86.0021208907741
5926037 5064742 86.0021208907741


5753830 6011779 86.0759493670886
5754211 6011385 86.0759493670886


6011385 5754211 86.0759493670886
6011779 5753830 86.0759493670886


5927239 5064742 86.1842105263158
5927694 5064290 86.1842105263158


5752959 5051560 86.3829787234043
5753193 5051329 86.3829787234043


5752959 5055124 86.3829787234043
5753193 5054893 86.3829787234043


5045495 5103086 87.7016129032258
5045990 5102613 87.7016129032258


5102613 5045990 87.7016129032258
5103086 5045495 87.7016129032258


72196 133908 87.9227053140097
72398 133704 87.9227053140097


133704 72398 87.9227053140097
133908 72196 87.9227053140097


2642504 1830936 89.0909090909091
2642880 1830562 89.0909090909091


3683732 2470929 89.1304347826087
3683910 2470746 89.1304347826087


2470743 3753713 89.5705521472393
2470905 3753553 89.5705521472393


3753553 2470905 89.5705521472393
3753713 2470743 89.5705521472393


2642506 2602826 89.8477157360406
2642696 2602632 89.8477157360406


542808 1328895 90.1425178147268
543648 1328055 90.1425178147268


1328055 543648 90.1425178147268
1328895 542808 90.1425178147268


3760030 3446844 90.4761904761905
3760197 3446680 90.4761904761905


2393921 1070230 90.7894736842105
2394070 1070079 90.7894736842105


3753538 1249186 90.9090909090909
3753710 1249012 90.9090909090909


1830787 2394070 90.9090909090909
1830938 2393918 90.9090909090909


2393918 1830938 90.9090909090909
2394070 1830787 90.9090909090909


3683732 1249194 91.2087912087912
3683909 1249013 91.2087912087912


1249013 3683909 91.2087912087912
1249194 3683732 91.2087912087912


1327204 5684799 91.2718204488778
1327603 5684402 91.2718204488778


5684402 1327603 91.2718204488778
5684799 1327204 91.2718204488778


5598665 6345213 91.358024691358
5598988 6344893 91.358024691358


6344893 5598988 91.358024691358
6345213 5598665 91.358024691358


5752182 6013428 91.7979002624672
5753704 6011907 91.7979002624672


6011907 5753704 91.7979002624672
6013428 5752182 91.7979002624672


3691284 3177065 91.8518518518518
3691417 3176934 91.8518518518518


3368566 3857033 91.9786096256685
3368748 3856847 91.9786096256685


3856847 3368748 91.9786096256685
3857033 3368566 91.9786096256685


2766827 1373371 92.2619047619048
2766993 1373206 92.2619047619048


1373206 2766993 92.2619047619048
1373371 2766827 92.2619047619048


1222476 4734976 92.3809523809524
1222779 4734664 92.3809523809524


5561500 5685961 92.4137931034483
5561644 5685817 92.4137931034483


5685817 5561644 92.4137931034483
5685961 5561500 92.4137931034483


4580295 2841211 92.6380368098159
4580457 2841051 92.6380368098159


402119 1364050 92.6829268292683
402238 1363928 92.6829268292683


1363928 402238 92.6829268292683
1364050 402119 92.6829268292683


2766831 3339919 92.6966292134831
2767006 3339743 92.6966292134831


6090849 6130313 92.8571428571429
6091007 6130146 92.8571428571429


6130146 6091007 92.8571428571429
6130313 6090849 92.8571428571429


2642553 1222779 92.9260450160772
2642862 1222480 92.9260450160772


1222480 2642862 92.9260450160772
1222779 2642553 92.9260450160772


5893329 6407411 93.0340557275542
5893971 6406784 93.0340557275542


6406784 5893971 93.0340557275542
6407411 5893329 93.0340557275542


1222689 2176688 93.1818181818182
1222775 2176602 93.1818181818182


1373226 3446869 93.2835820895522
1373358 3446737 93.2835820895522


3528336 3977600 93.3333333333333
3528604 3977331 93.3333333333333


3238096 3977600 93.3823529411765
3238364 3977331 93.3823529411765


3691268 3262325 93.4210526315789
3691417 3262174 93.4210526315789


3238096 3655748 93.4560327198364
3238581 3655263 93.4560327198364


3089513 3470441 93.5064935064935
3089665 3470288 93.5064935064935


5689683 6016932 93.631669535284
5690261 6016352 93.631669535284


6016352 5690261 93.631669535284
6016932 5689683 93.631669535284


5602595 6553426 93.7362637362637
5603502 6552534 93.7362637362637


6552534 5603502 93.7362637362637
6553426 5602595 93.7362637362637


3124272 4580487 93.7823834196891
3124461 4580295 93.7823834196891


4580295 3124461 93.7823834196891
4580487 3124272 93.7823834196891


5086240 6495006 93.8953488372093
5086582 6494667 93.8953488372093


6494667 5086582 93.8953488372093
6495006 5086240 93.8953488372093


3238361 3976025 94.3661971830986
3238568 3975814 94.3661971830986


3753553 2745149 94.53125
3753679 2745023 94.53125


4173017 637178 94.7165380744717
4178968 631220 94.7165380744717


631220 4178968 94.7165380744717
637178 4173017 94.7165380744717


6496172 3418660 94.8827292110874
6496640 3418192 94.8827292110874


2163570 3847264 95.1456310679612
2163672 3847162 95.1456310679612


1739455 4991018 95.1515151515152
1739619 4990855 95.1515151515152


2053112 2394705 95.1578947368421
2053583 2394233 95.1578947368421


2394243 3311400 95.3596287703016
2394673 3310971 95.3596287703016


3310971 2394673 95.3596287703016
3311400 2394243 95.3596287703016


2163570 3847161 95.3703703703704
2163677 3847054 95.3703703703704


3311282 4661382 95.3703703703704
3311388 4661275 95.3703703703704


4662725 3311288 95.3781512605042
4662962 3311052 95.3781512605042


188467 6533904 95.4631379962193
189523 6532848 95.4631379962193


6532848 189523 95.4631379962193
6533904 188467 95.4631379962193


3133854 3635070 95.5631399317406
3134145 3634778 95.5631399317406


3634778 3134145 95.5631399317406
3635070 3133854 95.5631399317406


2394237 3977576 95.5645161290323
2394484 3977331 95.5645161290323


3977331 2394484 95.5645161290323
3977576 2394237 95.5645161290323


4580295 1249197 95.6043956043956
4580476 1249016 95.6043956043956


1249016 4580476 95.6043956043956
1249197 4580295 95.6043956043956


2919269 1854517 95.6140350877193
2919382 1854404 95.6140350877193


3238138 3204972 95.6416464891041
3238548 3204560 95.6416464891041


3310961 2906131 95.8139534883721
3311388 2905703 95.8139534883721


3311124 3635070 95.8333333333333
3311387 3634807 95.8333333333333


1739455 4325638 95.910780669145
1739719 4325371 95.910780669145


4325371 1739719 95.910780669145
4325638 1739455 95.910780669145


4564890 3399674 95.985401459854
4565163 3399409 95.985401459854


3238139 5018706 96.1070559610706
3238547 5018297 96.1070559610706


5763598 5927695 96.1468994581577
5765257 5926037 96.1468994581577


5926037 5765257 96.1468994581577
5927695 5763598 96.1468994581577


4063602 4580594 96.1538461538462
4063705 4580491 96.1538461538462


4580491 4063705 96.1538461538462
4580594 4063602 96.1538461538462


3655441 1918858 96.2085308056872
3655651 1918648 96.2085308056872


2053133 3238566 96.2222222222222
2053579 3238120 96.2222222222222


3238120 2053579 96.2222222222222
3238566 2053133 96.2222222222222


2053299 5306161 96.2406015037594
2053562 5305896 96.2406015037594


4905326 1739720 96.2616822429907
4905432 1739615 96.2616822429907


2919273 2449892 96.3302752293578
2919381 2449784 96.3302752293578


2919273 2442651 96.3302752293578
2919381 2442543 96.3302752293578


4564890 5302729 96.3369963369963
4565162 5302457 96.3369963369963


1090319 6620731 96.3402571711177
1091329 6619721 96.3402571711177


6619721 1091329 96.3402571711177
6620731 1090319 96.3402571711177


1734485 5224888 96.3963963963964
1734594 5224778 96.3963963963964


3691276 1982387 96.551724137931
3691391 1982272 96.551724137931


1739455 3635070 96.6037735849057
1739719 3634807 96.6037735849057


1373243 2780024 96.6666666666667
1373361 2779905 96.6666666666667


5018442 1918858 96.6981132075472
5018653 1918647 96.6981132075472


3089513 4159070 96.7105263157895
3089664 4158919 96.7105263157895


4158919 3089664 96.7105263157895
4159070 3089513 96.7105263157895


3311122 5155269 96.7741935483871
3311368 5155022 96.7741935483871


3156394 5186646 96.8
3156518 5186522 96.8


5186522 3156518 96.8
5186646 3156394 96.8


4852829 5306161 96.9325153374233
4852991 5305999 96.9325153374233


5305999 4852991 96.9325153374233
5306161 4852829 96.9325153374233


3634807 3655705 96.969696969697
3635070 3655443 96.969696969697


3655443 3635070 96.969696969697
3655705 3634807 96.969696969697


3528377 3134118 96.9924812030075
3528641 3133853 96.9924812030075


821727 5861826 97.0350404312669
822468 5861085 97.0350404312669


5861085 822468 97.0350404312669
5861826 821727 97.0350404312669


4662725 5018608 97.0588235294118
4662962 5018372 97.0588235294118


5018372 4662962 97.0588235294118
5018608 4662725 97.0588235294118


1222676 2552162 97.0588235294118
1222777 2552062 97.0588235294118


3528335 3655749 97.0873786407767
3528641 3655442 97.0873786407767


3655442 3528641 97.0873786407767
3655749 3528335 97.0873786407767


2053133 2906133 97.1046770601336
2053579 2905685 97.1046770601336


2905685 2053579 97.1046770601336
2906133 2053133 97.1046770601336


3655295 2394668 97.1084337349398
3655707 2394254 97.1084337349398


3691268 1984100 97.1590909090909
3691443 1983925 97.1590909090909


1734490 4010656 97.1698113207547
1734595 4010551 97.1698113207547


2919276 4010656 97.1698113207547
2919381 4010551 97.1698113207547


2919275 5224883 97.1698113207547
2919380 5224778 97.1698113207547


4905327 5018706 97.1698113207547
4905432 5018603 97.1698113207547


1739453 5155269 97.1887550200803
1739700 5155022 97.1887550200803


2919275 1460927 97.2222222222222
2919382 1460820 97.2222222222222


2919274 3588368 97.2222222222222
2919381 3588261 97.2222222222222


2919274 4063706 97.2222222222222
2919381 4063599 97.2222222222222


1739455 5306161 97.3782771535581
1739720 5305896 97.3782771535581


5305896 1739720 97.3782771535581
5306161 1739455 97.3782771535581


1466316 5599829 97.4926253687316
1466978 5599152 97.4926253687316


5599152 1466978 97.4926253687316
5599829 1466316 97.4926253687316


1739308 3238547 97.5786924939467
1739720 3238138 97.5786924939467


3238138 1739720 97.5786924939467
3238547 1739308 97.5786924939467


1572862 2142467 97.6307189542484
1574085 2141267 97.6307189542484


2931298 2977429 97.6470588235294
2931382 2977345 97.6470588235294


2977345 2931382 97.6470588235294
2977429 2931298 97.6470588235294


3528377 2053562 97.7443609022556
3528641 2053298 97.7443609022556


5239311 2942706 97.8003384094755
5240490 2941525 97.8003384094755


568242 725033 97.8502594514455
570936 722338 97.8502594514455


722338 570936 97.8502594514455
725033 568242 97.8502594514455


1739300 2906124 97.8723404255319
1739720 2905703 97.8723404255319


2905703 1739720 97.8723404255319
2906124 1739300 97.8723404255319


2053297 5155269 97.9838709677419
2053542 5155022 97.9838709677419


5018442 5155269 97.9838709677419
5018688 5155022 97.9838709677419


2394255 3134118 98.134328358209
2394522 3133852 98.134328358209


4564889 2104140 98.1751824817518
4565162 2103867 98.1751824817518


2919269 3975806 98.1818181818182
2919378 3975697 98.1818181818182


3204708 4908246 98.1818181818182
3204872 4908082 98.1818181818182


4908082 3204872 98.1818181818182
4908246 3204708 98.1818181818182


2053297 1936327 98.1927710843374
2053462 1936162 98.1927710843374


4662725 3134018 98.2142857142857
4662892 3133852 98.2142857142857


3539508 630376 98.2316534040672
3540638 629246 98.2316534040672


629246 3540638 98.2316534040672
630376 3539508 98.2316534040672


1796339 4853770 98.2704402515723
1796974 4853135 98.2704402515723


4853135 1796974 98.2704402515723
4853770 1796339 98.2704402515723


5018297 2906114 98.2968369829684
5018706 2905704 98.2968369829684


5768570 5926040 98.3032873806999
5769512 5925098 98.3032873806999


5925098 5769512 98.3032873806999
5926040 5768570 98.3032873806999


6359807 6500625 98.3050847457627
6359983 6500449 98.3050847457627


6500449 6359983 98.3050847457627
6500625 6359807 98.3050847457627


543668 1327886 98.4375
543987 1327567 98.4375


1327567 543987 98.4375
1327886 543668 98.4375


4250033 3977345 98.5294117647059
4251379 3975986 98.5294117647059


2053151 2439616 98.547215496368
2053561 2439204 98.547215496368


2439204 2053561 98.547215496368
2439616 2053151 98.547215496368


1739455 4908246 98.7951807228916
1739620 4908082 98.7951807228916


4249962 4268230 98.7951807228916
4251358 4266820 98.7951807228916


4266820 4251358 98.7951807228916
4268230 4249962 98.7951807228916


4250039 4544533 98.7978963185575
4251357 4543203 98.7978963185575


4250036 1717336 98.7978963185575
4251354 1716006 98.7978963185575


4250033 1854404 98.8014981273408
4251354 1853070 98.8014981273408


4564893 2021867 98.8888888888889
4565162 2021598 98.8888888888889


6496201 5689569 98.8950276243094
6497285 5688484 98.8950276243094


1739625 4905422 98.9690721649485
1739720 4905326 98.9690721649485


3262419 3041084 99.0740740740741
3263714 3039793 99.0740740740741


1460820 2163677 99.0825688073395
1460928 2163569 99.0825688073395


1572859 1657677 99.1042345276873
1574084 1656450 99.1042345276873


1656450 1574084 99.1042345276873
1657677 1572859 99.1042345276873


3691268 1983880 99.1666666666667
3691387 1983761 99.1666666666667


4560513 4565163 99.2753623188406
4560788 4564888 99.2753623188406


4564888 4560788 99.2753623188406
4565163 4560513 99.2753623188406


1842022 3977345 99.32785660941
1843358 3976007 99.32785660941


5239281 435887 99.3415637860082
5240494 434673 99.3415637860082


434673 5240494 99.3415637860082
435887 5239281 99.3415637860082


3262419 3760040 99.3827160493827
3263714 3758745 99.3827160493827


4908082 5018608 99.3939393939394
4908246 5018444 99.3939393939394


4908082 3134018 99.3939393939394
4908246 3133854 99.3939393939394


5018444 4908246 99.3939393939394
5018608 4908082 99.3939393939394


5891528 71666 99.4038748137109
5892868 70326 99.4038748137109


70327 4908079 99.4163424124514
71354 4907052 99.4163424124514


4533608 6107218 99.4450610432852
4535409 6105417 99.4450610432852


6105417 4535409 99.4450610432852
6107218 4533608 99.4450610432852


70326 4086741 99.4780014914243
71666 4085401 99.4780014914243


1842022 1854404 99.478390461997
1843361 1853063 99.478390461997


70326 1874396 99.5014955134596
71328 1873394 99.5014955134596


3187380 189534 99.5318352059925
3188447 188467 99.5318352059925


188467 3188447 99.5318352059925
189534 3187380 99.5318352059925


3361075 71666 99.5522388059701
3362414 70327 99.5522388059701


70327 3362414 99.5522388059701
71666 3361075 99.5522388059701


3536973 5892874 99.5568685376662
3538325 5891522 99.5568685376662


5891522 3538325 99.5568685376662
5892874 3536973 99.5568685376662


4485401 5600831 99.5835812016657
4487079 5599151 99.5835812016657


6361013 6496064 99.6070726915521
6361521 6495556 99.6070726915521


6495556 6361521 99.6070726915521
6496064 6361013 99.6070726915521


4285223 5892867 99.6271439224459
4286562 5891528 99.6271439224459


4661382 71667 99.6271439224459
4662722 70327 99.6271439224459


70327 4662722 99.6271439224459
71667 4661382 99.6271439224459


5891528 4286562 99.6271439224459
5892867 4285223 99.6271439224459


4725085 5063714 99.6422182468694
4726761 5062038 99.6422182468694


5062038 4726761 99.6422182468694
5063714 4725085 99.6422182468694


4485402 6252284 99.6428571428571
4487079 6250605 99.6428571428571


1696946 1574093 99.6753246753247
1698176 1572862 99.6753246753247


1572862 1698176 99.6753246753247
1574093 1696946 99.6753246753247


3262433 1983760 99.6879875195008
3263714 1982479 99.6879875195008


1842028 4544533 99.6987951807229
1843354 4543206 99.6987951807229


4266820 2449759 99.699021820918
4268148 2448431 99.699021820918


4285223 4662722 99.7014925373134
4286562 4661383 99.7014925373134


4285223 4908079 99.7081712062257
4286250 4907052 99.7081712062257


5062038 6252284 99.7624703087886
5063719 6250601 99.7624703087886


6250601 5063719 99.7624703087886
6252284 5062038 99.7624703087886


3864553 6084893 99.7692307692308
3865852 6083594 99.7692307692308


6083594 3865852 99.7692307692308
6084893 3864553 99.7692307692308


1716003 1843357 99.7751124437781
1717336 1842025 99.7751124437781


1842025 1717336 99.7751124437781
1843357 1716003 99.7751124437781


4661383 3538319 99.7761194029851
4662722 3536980 99.7761194029851


1842022 4268157 99.7781065088757
1843372 4266806 99.7781065088757


675015 6363418 99.7893628225382
676913 6361520 99.7893628225382


4285223 1874395 99.8003992015968
4286224 1873394 99.8003992015968


6495556 1574630 99.8031496062992
6496063 1574123 99.8031496062992


2574903 6496063 99.811320754717
2575961 6495004 99.811320754717


6495004 2575961 99.811320754717
6496063 2574903 99.811320754717


5062036 5600832 99.8216409036861
5063715 5599151 99.8216409036861


5599151 5063715 99.8216409036861
5600832 5062036 99.8216409036861


675015 1576527 99.8420221169036
676913 1574629 99.8420221169036


1574629 676913 99.8420221169036
1576527 675015 99.8420221169036


4285223 4086740 99.8507462686567
4286562 4085401 99.8507462686567


5585811 5884912 99.8800959232614
5586644 5884079 99.8800959232614


5884079 5586644 99.8800959232614
5884912 5585811 99.8800959232614


4485402 4726761 99.8807394156231
4487078 4725085 99.8807394156231


4725085 4487078 99.8807394156231
4726761 4485402 99.8807394156231


3122988 311805 99.9056603773585
3124047 310746 99.9056603773585


6678734 311806 99.9056603773585
6679793 310747 99.9056603773585


1764706 4494815 99.9090495679854
1771300 4488220 99.9090495679854


4488220 1771300 99.9090495679854
4494815 1764706 99.9090495679854


1764672 4897706 99.9094749547375
1771299 4891083 99.9094749547375


4891083 1771299 99.9094749547375
4897706 1764672 99.9094749547375


5239311 3997452 99.9145299145299
5240479 3996283 99.9145299145299


5908342 1327144 99.9242424242424
5909660 1325825 99.9242424242424


5097037 5909661 99.9242997728993
5098357 5908342 99.9242997728993


5908342 5098357 99.9242997728993
5909661 5097037 99.9242997728993


3361075 4286562 99.9253731343284
3362414 4285223 99.9253731343284


4285223 3362414 99.9253731343284
4286562 3361075 99.9253731343284


5353278 6363959 100
5353831 6363406 100


5547835 5586643 100
5549133 5585345 100


5585345 5549133 100
5586643 5547835 100


5885186 6497285 100
5886299 6496172 100


6239930 6567298 100
6243304 6563924 100


6363406 5353831 100
6363959 5353278 100


6496172 5886299 100
6497285 5885186 100


6563924 6243304 100
6567298 6239930 100


2356811 5768573 100
2360128 5765256 100


4905757 5700333 100
4907055 5699035 100


4941575 6679793 100
4942634 6678734 100


2355709 800464 100
2356812 799361 100


6678734 1577067 100
6679286 1576515 100


1696892 4108728 100
1696979 4108641 100


1734527 2570490 100
1734595 2570422 100


1871746 4286565 100
1872095 4286216 100


1984260 3691501 100
1984326 3691435 100


2346617 3124046 100
2347676 3122987 100


3122987 2347676 100
3124046 2346617 100


3122988 4942633 100
3124048 4941573 100


3691435 1984326 100
3691501 1984260 100


4108641 1696979 100
4108728 1696892 100


4286216 1872095 100
4286565 1871746 100


4905757 3865851 100
4907055 3864553 100


4941573 3124048 100
4942633 3122988 100


5057831 5086015 100
5059737 5084109 100


5084109 5059737 100
5086015 5057831 100


5239312 5247330 100
5240481 5246161 100


71342 4905757 100
71667 4905432 100


799361 2356812 100
800464 2355709 100


5765256 2360128 100
5768573 2356811 100


6678734 4942634 100
6679793 4941575 100


