#-- reverse hits sorted by %sim
0 0 0
0 0 0


3073962 3074140 80.4347826086957
3074140 3073962 80.4347826086957


166437 6208778 81.8181818181818
167401 6207814 81.8181818181818


6207814 167401 81.8181818181818
6208778 166437 81.8181818181818


5542953 6370725 82.3563551944283
5544669 6369009 82.3563551944283


6369009 5544669 82.3563551944283
6370725 5542953 82.3563551944283


4554549 225377 82.4675324675325
4554854 225072 82.4675324675325


3477634 5266519 83.5983263598326
3478820 5265333 83.5983263598326


5265333 3478820 83.6120401337793
5266519 3477634 83.6120401337793


5752635 3372597 84.1071428571429
5753193 3372042 84.1071428571429


5803100 5750412 84.4318181818182
5803976 5749536 84.4318181818182


2495836 4288312 84.841075794621
2496238 4287907 84.841075794621


4287907 2496238 84.841075794621
4288312 2495836 84.841075794621


5754438 6011081 85.7267441860465
5757864 6007649 85.7267441860465


6007649 5757864 85.7267441860465
6011081 5754438 85.7267441860465


5925098 3382299 86.0021208907741
5926037 3381395 86.0021208907741


5753830 6011779 86.0759493670886
5754211 6011385 86.0759493670886


6011385 5754211 86.0759493670886
6011779 5753830 86.0759493670886


5927239 3381395 86.1842105263158
5927694 3380943 86.1842105263158


5752959 3368213 86.3829787234043
5753193 3367982 86.3829787234043


5752959 3371777 86.3829787234043
5753193 3371546 86.3829787234043


3362148 3419739 87.7016129032258
3362643 3419266 87.7016129032258


3419266 3362643 87.7016129032258
3419739 3362148 87.7016129032258


3729471 3791183 87.9227053140097
3729673 3790979 87.9227053140097


3790979 3729673 87.9227053140097
3791183 3729471 87.9227053140097


959157 147589 89.0909090909091
959533 147215 89.0909090909091


2000385 787582 89.1304347826087
2000563 787399 89.1304347826087


787396 2070366 89.5705521472393
787558 2070206 89.5705521472393


2070206 787558 89.5705521472393
2070366 787396 89.5705521472393


959159 919479 89.8477157360406
959349 919285 89.8477157360406


4200083 4986170 90.1425178147268
4200923 4985330 90.1425178147268


4985330 4200923 90.1425178147268
4986170 4200083 90.1425178147268


2076683 1763497 90.4761904761905
2076850 1763333 90.4761904761905


710574 4727505 90.7894736842105
710723 4727354 90.7894736842105


2070191 4906461 90.9090909090909
2070363 4906287 90.9090909090909


147440 710723 90.9090909090909
147591 710571 90.9090909090909


710571 147591 90.9090909090909
710723 147440 90.9090909090909


2000385 4906469 91.2087912087912
2000562 4906288 91.2087912087912


4906288 2000562 91.2087912087912
4906469 2000385 91.2087912087912


4984479 5684799 91.2718204488778
4984878 5684402 91.2718204488778


5684402 4984878 91.2718204488778
5684799 4984479 91.2718204488778


5598665 6345213 91.358024691358
5598988 6344893 91.358024691358


6344893 5598988 91.358024691358
6345213 5598665 91.358024691358


5752182 6013428 91.7979002624672
5753704 6011907 91.7979002624672


6011907 5753704 91.7979002624672
6013428 5752182 91.7979002624672


2007937 1493718 91.8518518518518
2008070 1493587 91.8518518518518


1685219 2173686 91.9786096256685
1685401 2173500 91.9786096256685


2173500 1685401 91.9786096256685
2173686 1685219 91.9786096256685


1083480 5030646 92.2619047619048
1083646 5030481 92.2619047619048


5030481 1083646 92.2619047619048
5030646 1083480 92.2619047619048


4879751 3051629 92.3809523809524
4880054 3051317 92.3809523809524


5561500 5685961 92.4137931034483
5561644 5685817 92.4137931034483


5685817 5561644 92.4137931034483
5685961 5561500 92.4137931034483


2896948 1157864 92.6380368098159
2897110 1157704 92.6380368098159


4059394 5021325 92.6829268292683
4059513 5021203 92.6829268292683


5021203 4059513 92.6829268292683
5021325 4059394 92.6829268292683


1083484 1656572 92.6966292134831
1083659 1656396 92.6966292134831


6090849 6130313 92.8571428571429
6091007 6130146 92.8571428571429


6130146 6091007 92.8571428571429
6130313 6090849 92.8571428571429


959206 4880054 92.9260450160772
959515 4879755 92.9260450160772


4879755 959515 92.9260450160772
4880054 959206 92.9260450160772


5893329 6407411 93.0340557275542
5893971 6406784 93.0340557275542


6406784 5893971 93.0340557275542
6407411 5893329 93.0340557275542


4879964 493341 93.1818181818182
4880050 493255 93.1818181818182


5030501 1763522 93.2835820895522
5030633 1763390 93.2835820895522


1844989 2294253 93.3333333333333
1845257 2293984 93.3333333333333


1554749 2294253 93.3823529411765
1555017 2293984 93.3823529411765


2007921 1578978 93.4210526315789
2008070 1578827 93.4210526315789


1554749 1972401 93.4560327198364
1555234 1971916 93.4560327198364


1406166 1787094 93.5064935064935
1406318 1786941 93.5064935064935


5689683 6016932 93.631669535284
5690261 6016352 93.631669535284


6016352 5690261 93.631669535284
6016932 5689683 93.631669535284


5602595 6553426 93.7362637362637
5603502 6552534 93.7362637362637


6552534 5603502 93.7362637362637
6553426 5602595 93.7362637362637


1440925 2897140 93.7823834196891
1441114 2896948 93.7823834196891


2896948 1441114 93.7823834196891
2897140 1440925 93.7823834196891


3402893 6495006 93.8953488372093
3403235 6494667 93.8953488372093


6494667 3403235 93.8953488372093
6495006 3402893 93.8953488372093


1555014 2292678 94.3661971830986
1555221 2292467 94.3661971830986


2070206 1061802 94.53125
2070332 1061676 94.53125


2489670 4294453 94.7165380744717
2495621 4288495 94.7165380744717


4288495 2495621 94.7165380744717
4294453 2489670 94.7165380744717


6496172 1735313 94.8827292110874
6496640 1734845 94.8827292110874


480223 2163917 95.1456310679612
480325 2163815 95.1456310679612


56108 3307671 95.1515151515152
56272 3307508 95.1515151515152


369765 711358 95.1578947368421
370236 710886 95.1578947368421


710896 1628053 95.3596287703016
711326 1627624 95.3596287703016


1627624 711326 95.3596287703016
1628053 710896 95.3596287703016


480223 2163814 95.3703703703704
480330 2163707 95.3703703703704


1627935 2978035 95.3703703703704
1628041 2977928 95.3703703703704


2979378 1627941 95.3781512605042
2979615 1627705 95.3781512605042


3845742 6533904 95.4631379962193
3846798 6532848 95.4631379962193


6532848 3846798 95.4631379962193
6533904 3845742 95.4631379962193


1450507 1951723 95.5631399317406
1450798 1951431 95.5631399317406


1951431 1450798 95.5631399317406
1951723 1450507 95.5631399317406


710890 2294229 95.5645161290323
711137 2293984 95.5645161290323


2293984 711137 95.5645161290323
2294229 710890 95.5645161290323


2896948 4906472 95.6043956043956
2897129 4906291 95.6043956043956


4906291 2897129 95.6043956043956
4906472 2896948 95.6043956043956


1235922 171170 95.6140350877193
1236035 171057 95.6140350877193


1554791 1521625 95.6416464891041
1555201 1521213 95.6416464891041


1627614 1222784 95.8139534883721
1628041 1222356 95.8139534883721


1627777 1951723 95.8333333333333
1628040 1951460 95.8333333333333


56108 2642291 95.910780669145
56372 2642024 95.910780669145


2642024 56372 95.910780669145
2642291 56108 95.910780669145


2881543 1716327 95.985401459854
2881816 1716062 95.985401459854


1554792 3335359 96.1070559610706
1555200 3334950 96.1070559610706


5763598 5927695 96.1468994581577
5765257 5926037 96.1468994581577


5926037 5765257 96.1468994581577
5927695 5763598 96.1468994581577


2380255 2897247 96.1538461538462
2380358 2897144 96.1538461538462


2897144 2380358 96.1538461538462
2897247 2380255 96.1538461538462


1972094 235511 96.2085308056872
1972304 235301 96.2085308056872


369786 1555219 96.2222222222222
370232 1554773 96.2222222222222


1554773 370232 96.2222222222222
1555219 369786 96.2222222222222


369952 3622814 96.2406015037594
370215 3622549 96.2406015037594


3221979 56373 96.2616822429907
3222085 56268 96.2616822429907


1235926 766545 96.3302752293578
1236034 766437 96.3302752293578


1235926 759304 96.3302752293578
1236034 759196 96.3302752293578


2881543 3619382 96.3369963369963
2881815 3619110 96.3369963369963


4747594 6620731 96.3402571711177
4748604 6619721 96.3402571711177


6619721 4748604 96.3402571711177
6620731 4747594 96.3402571711177


51138 3541541 96.3963963963964
51247 3541431 96.3963963963964


2007929 299040 96.551724137931
2008044 298925 96.551724137931


56108 1951723 96.6037735849057
56372 1951460 96.6037735849057


5030518 1096677 96.6666666666667
5030636 1096558 96.6666666666667


3335095 235511 96.6981132075472
3335306 235300 96.6981132075472


1406166 2475723 96.7105263157895
1406317 2475572 96.7105263157895


2475572 1406317 96.7105263157895
2475723 1406166 96.7105263157895


1627775 3471922 96.7741935483871
1628021 3471675 96.7741935483871


1473047 3503299 96.8
1473171 3503175 96.8


3503175 1473171 96.8
3503299 1473047 96.8


3169482 3622814 96.9325153374233
3169644 3622652 96.9325153374233


3622652 3169644 96.9325153374233
3622814 3169482 96.9325153374233


1951460 1972358 96.969696969697
1951723 1972096 96.969696969697


1972096 1951723 96.969696969697
1972358 1951460 96.969696969697


1845030 1450771 96.9924812030075
1845294 1450506 96.9924812030075


4479002 5861826 97.0350404312669
4479743 5861085 97.0350404312669


5861085 4479743 97.0350404312669
5861826 4479002 97.0350404312669


2979378 3335261 97.0588235294118
2979615 3335025 97.0588235294118


3335025 2979615 97.0588235294118
3335261 2979378 97.0588235294118


4879951 868815 97.0588235294118
4880052 868715 97.0588235294118


1844988 1972402 97.0873786407767
1845294 1972095 97.0873786407767


1972095 1845294 97.0873786407767
1972402 1844988 97.0873786407767


369786 1222786 97.1046770601336
370232 1222338 97.1046770601336


1222338 370232 97.1046770601336
1222786 369786 97.1046770601336


1971948 711321 97.1084337349398
1972360 710907 97.1084337349398


2007921 300753 97.1590909090909
2008096 300578 97.1590909090909


51143 2327309 97.1698113207547
51248 2327204 97.1698113207547


1235929 2327309 97.1698113207547
1236034 2327204 97.1698113207547


1235928 3541536 97.1698113207547
1236033 3541431 97.1698113207547


3221980 3335359 97.1698113207547
3222085 3335256 97.1698113207547


56106 3471922 97.1887550200803
56353 3471675 97.1887550200803


1235928 5118202 97.2222222222222
1236035 5118095 97.2222222222222


1235927 1905021 97.2222222222222
1236034 1904914 97.2222222222222


1235927 2380359 97.2222222222222
1236034 2380252 97.2222222222222


56108 3622814 97.3782771535581
56373 3622549 97.3782771535581


3622549 56373 97.3782771535581
3622814 56108 97.3782771535581


5123591 5599829 97.4926253687316
5124253 5599152 97.4926253687316


5599152 5124253 97.4926253687316
5599829 5123591 97.4926253687316


55961 1555200 97.5786924939467
56373 1554791 97.5786924939467


1554791 56373 97.5786924939467
1555200 55961 97.5786924939467


5230137 459120 97.6307189542484
5231360 457920 97.6307189542484


1247951 1294082 97.6470588235294
1248035 1293998 97.6470588235294


1293998 1248035 97.6470588235294
1294082 1247951 97.6470588235294


1845030 370215 97.7443609022556
1845294 369951 97.7443609022556


3555964 1259359 97.8003384094755
3557143 1258178 97.8003384094755


4225517 4382308 97.8502594514455
4228211 4379613 97.8502594514455


4379613 4228211 97.8502594514455
4382308 4225517 97.8502594514455


55953 1222777 97.8723404255319
56373 1222356 97.8723404255319


1222356 56373 97.8723404255319
1222777 55953 97.8723404255319


369950 3471922 97.9838709677419
370195 3471675 97.9838709677419


3335095 3471922 97.9838709677419
3335341 3471675 97.9838709677419


710908 1450771 98.134328358209
711175 1450505 98.134328358209


2881542 420793 98.1751824817518
2881815 420520 98.1751824817518


1235922 2292459 98.1818181818182
1236031 2292350 98.1818181818182


1521361 3224899 98.1818181818182
1521525 3224735 98.1818181818182


3224735 1521525 98.1818181818182
3224899 1521361 98.1818181818182


369950 252980 98.1927710843374
370115 252815 98.1927710843374


2979378 1450671 98.2142857142857
2979545 1450505 98.2142857142857


1856161 4287651 98.2316534040672
1857291 4286521 98.2316534040672


4286521 1857291 98.2316534040672
4287651 1856161 98.2316534040672


112992 3170423 98.2704402515723
113627 3169788 98.2704402515723


3169788 113627 98.2704402515723
3170423 112992 98.2704402515723


3334950 1222767 98.2968369829684
3335359 1222357 98.2968369829684


5768570 5926040 98.3032873806999
5769512 5925098 98.3032873806999


5925098 5769512 98.3032873806999
5926040 5768570 98.3032873806999


6359807 6500625 98.3050847457627
6359983 6500449 98.3050847457627


6500449 6359983 98.3050847457627
6500625 6359807 98.3050847457627


4200943 4985161 98.4375
4201262 4984842 98.4375


4984842 4201262 98.4375
4985161 4200943 98.4375


2566686 2293998 98.5294117647059
2568032 2292639 98.5294117647059


369804 756269 98.547215496368
370214 755857 98.547215496368


755857 370214 98.547215496368
756269 369804 98.547215496368


56108 3224899 98.7951807228916
56273 3224735 98.7951807228916


2566615 2584883 98.7951807228916
2568011 2583473 98.7951807228916


2583473 2568011 98.7951807228916
2584883 2566615 98.7951807228916


2566692 2861186 98.7978963185575
2568010 2859856 98.7978963185575


2566689 33989 98.7978963185575
2568007 32659 98.7978963185575


2566686 171057 98.8014981273408
2568007 169723 98.8014981273408


2881546 338520 98.8888888888889
2881815 338251 98.8888888888889


6496201 5689569 98.8950276243094
6497285 5688484 98.8950276243094


56278 3222075 98.9690721649485
56373 3221979 98.9690721649485


1579072 1357737 99.0740740740741
1580367 1356446 99.0740740740741


5118095 480330 99.0825688073395
5118203 480222 99.0825688073395


5230134 5314952 99.1042345276873
5231359 5313725 99.1042345276873


5313725 5231359 99.1042345276873
5314952 5230134 99.1042345276873


2007921 300533 99.1666666666667
2008040 300414 99.1666666666667


2877166 2881816 99.2753623188406
2877441 2881541 99.2753623188406


2881541 2877441 99.2753623188406
2881816 2877166 99.2753623188406


158675 2293998 99.32785660941
160011 2292660 99.32785660941


3555934 4093162 99.3415637860082
3557147 4091948 99.3415637860082


4091948 3557147 99.3415637860082
4093162 3555934 99.3415637860082


1579072 2076693 99.3827160493827
1580367 2075398 99.3827160493827


3224735 3335261 99.3939393939394
3224899 3335097 99.3939393939394


3224735 1450671 99.3939393939394
3224899 1450507 99.3939393939394


3335097 3224899 99.3939393939394
3335261 3224735 99.3939393939394


5891528 3728941 99.4038748137109
5892868 3727601 99.4038748137109


3727602 3224732 99.4163424124514
3728629 3223705 99.4163424124514


2850261 6107218 99.4450610432852
2852062 6105417 99.4450610432852


6105417 2852062 99.4450610432852
6107218 2850261 99.4450610432852


3727601 2403394 99.4780014914243
3728941 2402054 99.4780014914243


158675 171057 99.478390461997
160014 169716 99.478390461997


3727601 191049 99.5014955134596
3728603 190047 99.5014955134596


1504033 3846809 99.5318352059925
1505100 3845742 99.5318352059925


3845742 1505100 99.5318352059925
3846809 1504033 99.5318352059925


1677728 3728941 99.5522388059701
1679067 3727602 99.5522388059701


3727602 1679067 99.5522388059701
3728941 1677728 99.5522388059701


1853626 5892874 99.5568685376662
1854978 5891522 99.5568685376662


5891522 1854978 99.5568685376662
5892874 1853626 99.5568685376662


2802054 5600831 99.5835812016657
2803732 5599151 99.5835812016657


6361013 6496064 99.6070726915521
6361521 6495556 99.6070726915521


6495556 6361521 99.6070726915521
6496064 6361013 99.6070726915521


2601876 5892867 99.6271439224459
2603215 5891528 99.6271439224459


2978035 3728942 99.6271439224459
2979375 3727602 99.6271439224459


3727602 2979375 99.6271439224459
3728942 2978035 99.6271439224459


5891528 2603215 99.6271439224459
5892867 2601876 99.6271439224459


3041738 3380367 99.6422182468694
3043414 3378691 99.6422182468694


3378691 3043414 99.6422182468694
3380367 3041738 99.6422182468694


2802055 6252284 99.6428571428571
2803732 6250605 99.6428571428571


13599 5231368 99.6753246753247
14829 5230137 99.6753246753247


5230137 14829 99.6753246753247
5231368 13599 99.6753246753247


1579086 300413 99.6879875195008
1580367 299132 99.6879875195008


158681 2861186 99.6987951807229
160007 2859859 99.6987951807229


2583473 766412 99.699021820918
2584801 765084 99.699021820918


2601876 2979375 99.7014925373134
2603215 2978036 99.7014925373134


2601876 3224732 99.7081712062257
2602903 3223705 99.7081712062257


3378691 6252284 99.7624703087886
3380372 6250601 99.7624703087886


6250601 3380372 99.7624703087886
6252284 3378691 99.7624703087886


2181206 6084893 99.7692307692308
2182505 6083594 99.7692307692308


6083594 2182505 99.7692307692308
6084893 2181206 99.7692307692308


32656 160010 99.7751124437781
33989 158678 99.7751124437781


158678 33989 99.7751124437781
160010 32656 99.7751124437781


2978036 1854972 99.7761194029851
2979375 1853633 99.7761194029851


158675 2584810 99.7781065088757
160025 2583459 99.7781065088757


4332290 6363418 99.7893628225382
4334188 6361520 99.7893628225382


2601876 191048 99.8003992015968
2602877 190047 99.8003992015968


6495556 5231905 99.8031496062992
6496063 5231398 99.8031496062992


891556 6496063 99.811320754717
892614 6495004 99.811320754717


6495004 892614 99.811320754717
6496063 891556 99.811320754717


3378689 5600832 99.8216409036861
3380368 5599151 99.8216409036861


5599151 3380368 99.8216409036861
5600832 3378689 99.8216409036861


4332290 5233802 99.8420221169036
4334188 5231904 99.8420221169036


5231904 4334188 99.8420221169036
5233802 4332290 99.8420221169036


2601876 2403393 99.8507462686567
2603215 2402054 99.8507462686567


5585811 5884912 99.8800959232614
5586644 5884079 99.8800959232614


5884079 5586644 99.8800959232614
5884912 5585811 99.8800959232614


2802055 3043414 99.8807394156231
2803731 3041738 99.8807394156231


3041738 2803731 99.8807394156231
3043414 2802055 99.8807394156231


1439641 3969080 99.9056603773585
1440700 3968021 99.9056603773585


6678734 3969081 99.9056603773585
6679793 3968022 99.9056603773585


81359 2811468 99.9090495679854
87953 2804873 99.9090495679854


2804873 87953 99.9090495679854
2811468 81359 99.9090495679854


81325 3214359 99.9094749547375
87952 3207736 99.9094749547375


3207736 87952 99.9094749547375
3214359 81325 99.9094749547375


3555964 2314105 99.9145299145299
3557132 2312936 99.9145299145299


5908342 4984419 99.9242424242424
5909660 4983100 99.9242424242424


3413690 5909661 99.9242997728993
3415010 5908342 99.9242997728993


5908342 3415010 99.9242997728993
5909661 3413690 99.9242997728993


1677728 2603215 99.9253731343284
1679067 2601876 99.9253731343284


2601876 1679067 99.9253731343284
2603215 1677728 99.9253731343284


5353278 6363959 100
5353831 6363406 100


5547835 5586643 100
5549133 5585345 100


5585345 5549133 100
5586643 5547835 100


5885186 6497285 100
5886299 6496172 100


6239930 6567298 100
6243304 6563924 100


6363406 5353831 100
6363959 5353278 100


6496172 5886299 100
6497285 5885186 100


6563924 6243304 100
6567298 6239930 100


673464 5768573 100
676781 5765256 100


3222410 5700333 100
3223708 5699035 100


3258228 6679793 100
3259287 6678734 100


672362 4457739 100
673465 4456636 100


6678734 5234342 100
6679286 5233790 100


13545 2425381 100
13632 2425294 100


51180 887143 100
51248 887075 100


188399 2603218 100
188748 2602869 100


300913 2008154 100
300979 2008088 100


663270 1440699 100
664329 1439640 100


1439640 664329 100
1440699 663270 100


1439641 3259286 100
1440701 3258226 100


2008088 300979 100
2008154 300913 100


2425294 13632 100
2425381 13545 100


2602869 188748 100
2603218 188399 100


3222410 2182504 100
3223708 2181206 100


3258226 1440701 100
3259286 1439641 100


3374484 3402668 100
3376390 3400762 100


3400762 3376390 100
3402668 3374484 100


3555965 3563983 100
3557134 3562814 100


3728617 3222410 100
3728942 3222085 100


4456636 673465 100
4457739 672362 100


5765256 676781 100
5768573 673464 100


6678734 3259287 100
6679793 3258228 100


